F 1811.280797 1851.341796 3.730403
E -0.597348 79.428793 63.350965 0.100053
W C 1291.0 1881.0 383.0 1458.0 482.0 682.0 1191.0 747.0 1693.0 1043.0 1805.0 190.0
F 1807.814528 1844.901074 3.730406
E -0.617503 69.546253 49.990165 0.081387
W C 1291.0 1881.0 383.0 1458.0 482.0 682.0 1191.0 747.0 1693.0 1043.0 1805.0 190.0
F 1806.397484 1842.333896 3.730251
E -0.625901 62.731790 42.573275 0.071041
W C 1291.0 1881.0 383.0 1458.0 482.0 682.0 1191.0 747.0 1693.0 1043.0 1805.0 190.0
F 1805.516358 1840.379212 3.729872
E -0.630575 57.615633 37.700938 0.064048
W C 1291.0 1881.0 383.0 1458.0 482.0 682.0 1191.0 747.0 1693.0 1043.0 1805.0 190.0
F 1805.100461 1839.003670 3.729464
E -0.633677 53.581732 34.188370 0.058858
W C 1291.0 1881.0 383.0 1458.0 482.0 682.0 1191.0 747.0 1693.0 1043.0 1805.0 190.0
F 1804.621754 1838.074180 3.729266
E -0.635915 50.292181 31.502788 0.054789
W C 1291.0 1881.0 383.0 1458.0 482.0 682.0 1191.0 747.0 1693.0 1043.0 1805.0 190.0
F 1804.319133 1837.478512 3.729140
E -0.637613 47.542427 29.363409 0.051480
W C 1291.0 1881.0 383.0 1458.0 482.0 682.0 1191.0 747.0 1693.0 1043.0 1805.0 190.0
F 1804.102869 1837.085289 3.729068
E -0.638940 45.199347 27.607385 0.048716
W C 1291.0 1881.0 383.0 1458.0 482.0 682.0 1191.0 747.0 1693.0 1043.0 1805.0 190.0
F 1803.955191 1836.788710 3.729006
E -0.640004 43.171689 26.132521 0.046360
W C 1291.0 1881.0 383.0 1458.0 482.0 682.0 1191.0 747.0 1693.0 1043.0 1805.0 190.0
F 1803.872805 1836.446298 3.728830
E -0.640882 41.394430 24.871069 0.044320
W C 1291.0 1881.0 383.0 1458.0 482.0 682.0 1191.0 747.0 1693.0 1043.0 1805.0 190.0
F 1803.769111 1836.291052 3.728817
E -0.641627 39.819873 23.776124 0.042530
W C 1291.0 1881.0 383.0 1458.0 482.0 682.0 1191.0 747.0 1693.0 1043.0 1805.0 190.0
F 1803.745821 1836.097493 3.728740
E -0.642257 38.412306 22.814017 0.040942
W C 1291.0 1881.0 383.0 1458.0 482.0 682.0 1191.0 747.0 1693.0 1043.0 1805.0 190.0
F 1803.822665 1835.936285 3.728630
E -0.642813 37.144191 21.959939 0.039521
W C 1291.0 1881.0 383.0 1458.0 482.0 682.0 1191.0 747.0 1693.0 1043.0 1805.0 190.0
F 1784.632635 1823.093894 3.728592
E -0.618756 35.461406 21.809184 0.038222
W C 1291.0 1881.0 383.0 1458.0 482.0 682.0 1191.0 747.0 1693.0 1043.0 1805.0 190.0
F 1750.997444 1800.406034 3.728058
E -0.544735 33.780537 22.921052 0.037007
W C 1291.0 1881.0 383.0 1458.0 482.0 682.0 1191.0 747.0 1693.0 1043.0 1805.0 190.0
F 1717.971872 1778.103553 -2.553414
E -0.441633 32.311315 23.570716 0.087262
W C 1291.0 1881.0 383.0 1458.0 482.0 682.0 1191.0 747.0 1693.0 1043.0 1805.0 190.0
F 1685.156757 1756.445006 -2.557455
E -0.348747 31.388309 24.065778 0.070420
W C 1291.0 1881.0 383.0 1458.0 482.0 682.0 1191.0 747.0 1693.0 1043.0
F 1686.860126 1758.185736 -2.557527
E -0.398694 30.439422 23.066933 0.061255
W C 1291.0 1881.0 383.0 1458.0 482.0 682.0 1191.0 747.0 1693.0 1043.0
F 1650.915615 1735.176681 -2.558459
E -0.287959 29.760610 23.456875 0.054875
W C 1291.0 1881.0 383.0 1458.0 482.0 682.0 1191.0 747.0 1693.0 1043.0
F 1616.453991 1712.914129 -2.560433
E -0.167935 29.122100 23.437077 0.092106
W C 1291.0 1881.0 383.0 1458.0 482.0 682.0 1191.0 747.0 1693.0 1043.0
F 1583.560816 1691.570317 -2.563296
E -0.069731 28.570083 23.208991 0.094914
W C 1291.0 1881.0 383.0 1458.0 482.0 682.0 1191.0 747.0 1693.0 1043.0
F 1551.643171 1670.740185 -2.565544
E 0.006976 28.009497 22.915428 0.095009
W C 1291.0 1881.0 383.0 1458.0 482.0 682.0 1191.0 747.0 1693.0 1043.0
F 1553.888937 1672.471766 -2.565646
E -0.116354 26.513719 22.095385 0.073708
W C 1291.0 1881.0 383.0 1458.0 482.0 682.0 1191.0 747.0 1693.0 1043.0
F 1517.882821 1649.301186 -2.564632
E 0.016744 26.223034 21.945774 0.093305
W C 1291.0 1881.0 383.0 1458.0 482.0 682.0 1191.0 747.0 1693.0 1043.0
F 1482.082682 1624.776473 -2.550061
E 0.205536 27.088590 22.085780 0.102269
W C 383.0 1458.0 482.0 682.0 1191.0 747.0 1693.0 1043.0
F 1481.026545 1624.441970 -2.555559
E 0.173305 26.347026 21.684939 0.080646
W C 383.0 1458.0 482.0 682.0 1191.0 747.0 1693.0 1043.0
F 1443.490928 1598.873046 -2.555868
E 0.330882 27.319363 21.497579 0.094682
W C 383.0 1458.0 482.0 682.0 1191.0 747.0 1805.0 190.0 1693.0 1043.0
F 1408.360145 1575.280421 -2.560357
E 0.420270 26.569861 21.143413 0.089461
W C 1291.0 1881.0 383.0 1458.0 482.0 682.0 1191.0 747.0 1805.0 190.0 1693.0 1043.0
F 1374.404098 1552.265065 -2.561820
E 0.493454 26.278864 20.776222 0.089167
W C 1291.0 1881.0 383.0 1458.0 482.0 682.0 1191.0 747.0 1805.0 190.0 1693.0 1043.0
F 1337.811376 1527.349281 -2.554549
E 0.529554 27.403734 20.545176 0.094902
W C 383.0 1458.0 482.0 682.0 1191.0 747.0 1805.0 190.0 1693.0 1043.0
F 1303.181900 1503.616526 -2.545938
E 0.563430 28.371861 20.314365 0.095782
W C 383.0 1458.0 482.0 682.0 1191.0 747.0 1805.0 190.0 1693.0 1043.0
F 1303.252401 1503.736172 -2.549779
E 0.542725 27.346100 19.835320 0.074468
W C 383.0 1458.0 482.0 682.0 1191.0 747.0 1805.0 190.0 1693.0 1043.0
F 1265.434068 1478.800393 -2.558123
E 0.577410 28.332347 19.500212 0.094284
W C 383.0 1458.0 482.0 682.0 1191.0 747.0 1805.0 190.0 1693.0 1043.0
F 1229.910908 1454.784947 -2.551056
E 0.600884 29.147188 19.295562 0.095984
W C 383.0 1458.0 482.0 682.0 1191.0 747.0 1805.0 190.0 1693.0 1043.0
F 1194.037147 1430.885889 -2.551246
E 0.622046 29.813044 19.361349 0.073911
W C 383.0 1458.0 482.0 682.0 1191.0 747.0 1805.0 190.0 1693.0 1043.0
F 1194.146152 1431.342062 -2.554294
E 0.608376 28.588850 18.789530 0.062704
W C 383.0 1458.0 482.0 682.0 1191.0 747.0 1805.0 190.0 1693.0 1043.0
F 1157.488956 1407.330420 -2.557805
E 0.622777 29.544222 18.916244 0.056094
W C 383.0 1458.0 482.0 682.0 1191.0 747.0 1805.0 190.0
F 1121.626054 1383.914375 -2.561798
E 0.631757 30.324453 18.833623 0.097895
W C 383.0 1458.0 482.0 682.0 1191.0 747.0 1805.0 190.0
F 1086.604046 1361.238492 -2.563663
E 0.637100 30.924585 18.785676 0.102270
W C 383.0 1458.0 482.0 682.0 1191.0 747.0 1805.0 190.0
F 1051.086398 1338.862263 -2.568156
E 0.642201 31.373491 18.986380 0.079086
W C 383.0 1458.0 482.0 682.0 1191.0 747.0 1805.0 190.0
F 1052.165737 1339.772980 -2.570169
E 0.634388 30.052494 18.436527 0.067113
W C 383.0 1458.0 482.0 682.0 1191.0 747.0 1805.0 190.0
F 1016.662751 1317.321142 -2.571867
E 0.637627 30.575933 18.596061 0.059102
W C 383.0 1458.0 482.0 682.0 1191.0 747.0 1805.0 190.0
F 982.141056 1295.465874 -2.569835
E 0.638512 30.947818 18.552680 0.098207
W C 383.0 1458.0 482.0 682.0 1191.0 747.0 1805.0 190.0
F 948.384599 1274.391065 -2.571964
E 0.639896 31.176008 18.540103 0.102443
W C 383.0 1458.0 482.0 682.0 1191.0 747.0 1805.0 190.0
F 950.463668 1276.203663 -2.574668
E 0.631318 29.707354 18.106268 0.080152
W C 383.0 1458.0 482.0 682.0 1191.0 747.0 1805.0 190.0
F 914.446759 1253.951542 -2.578994
E 0.631980 30.116412 17.968984 0.100684
W C 383.0 1458.0 482.0 682.0 1191.0 747.0 1805.0 190.0
F 879.545675 1232.492852 -2.580121
E 0.632039 30.366233 17.998194 0.102854
W C 383.0 1458.0 482.0 682.0 1191.0 747.0 1805.0 190.0
F 845.727259 1211.804273 -2.580247
E 0.632838 30.496828 18.318554 0.079474
W C 383.0 1458.0 482.0 682.0 1191.0 747.0 1805.0 190.0
F 811.772932 1191.794253 -2.583467
E 0.627859 30.593873 18.796220 0.068893
W C 383.0 1458.0 482.0 682.0 1191.0 747.0
F 811.434552 1192.423994 -2.586314
E 0.617315 28.991937 18.158568 0.061781
W C 383.0 1458.0 482.0 682.0 1191.0 747.0
F 775.526516 1171.324947 -2.591388
E 0.611563 29.312459 18.323025 0.106241
W C 383.0 1458.0 482.0 682.0 1191.0 747.0
F 739.106069 1150.121188 -2.597509
E 0.607036 29.494219 18.552990 0.112616
W C 383.0 1458.0 482.0 682.0 1191.0 747.0
F 705.339775 1130.719398 -2.598312
E 0.605748 29.565984 18.833933 0.113729
W C 383.0 1458.0 482.0 682.0 1191.0 747.0
F 705.102105 1131.665832 -2.605796
E 0.600044 28.330254 18.352291 0.095223
W C 383.0 1458.0 482.0 682.0
F 665.869327 1109.584197 -2.616566
E 0.585984 29.028834 18.541848 0.122531
W C 383.0 1458.0 482.0 682.0
F 628.671873 1089.071319 -2.625783
E 0.575880 29.464491 18.947873 0.127945
W C 383.0 1458.0 482.0 682.0
F 591.233878 1068.367875 -2.630562
E 0.577594 29.657250 19.445327 0.129043
W C 383.0 1458.0 482.0 682.0
F 591.037942 1068.554793 -2.630740
E 0.602700 28.152688 18.799946 0.104073
W C 383.0 1458.0 482.0 682.0
F 553.067245 1047.649642 -2.632671
E 0.609835 28.506117 19.091418 0.124901
W C 383.0 1458.0 482.0 682.0
F 514.315043 1026.609956 -2.637714
E 0.638281 28.660559 19.597620 0.129474
W C 383.0 1458.0 482.0 682.0
F 479.260592 1006.717056 -2.627326
E 0.688735 28.737083 20.227566 0.131556
W C 383.0 1458.0 482.0 682.0
F 444.155608 986.673315 -2.592176
E 0.754903 29.311444 20.894385 0.138632
W C 383.0 1458.0 482.0 682.0
F 444.592231 988.330969 -2.606748
E 2.376721 20.096029 27.567556 0.110796
W C 383.0 1458.0 482.0 682.0
F 408.783062 961.340197 -2.510313
E 2.443131 20.622699 30.255671 0.162175
W C 482.0 682.0
F 375.812002 929.853746 -2.402857
E 2.553804 21.066910 32.480115 0.153596
W C 482.0 682.0 1805.0 190.0
F 347.451014 897.206956 -2.309271
E 2.674945 21.409981 34.234907 0.155025
W C 482.0 682.0 1805.0 190.0
F 322.265976 862.021475 -2.215675
E 2.798871 21.721674 35.576141 0.158339
W C 482.0 682.0 1805.0 190.0
F 322.216111 861.725875 -2.217991
E 2.811399 21.082448 34.031330 0.132754
W C 482.0 682.0 1805.0 190.0
F 300.114615 824.142239 -2.123754
E 2.922947 21.192354 35.222408 0.156110
W C 482.0 682.0 1805.0 190.0
F 282.081399 783.628304 -2.012514
E 3.067758 21.783997 38.093876 0.201144
W C 482.0 682.0
F 269.533781 742.176609 -1.895200
E -3.042057 22.670568 41.809920 0.227845
W C 482.0 682.0
F 260.353567 698.483525 -1.796764
E -2.858517 23.723143 46.410264 0.249739
W C 482.0 682.0
F 260.353567 698.483525 -1.796764
E -2.858517 23.723143 46.410264 0.249739
W C
F 250.472068 660.967198 -1.719677
E -2.790911 25.717293 46.040563 0.208625
W C 1805.0 190.0
F 246.488826 620.064714 -1.613908
E -2.782858 27.708723 47.937648 0.200062
W C 1805.0 190.0
F 245.152446 579.017339 -1.535896
E -2.780724 29.304946 49.903246 0.195202
W C 1805.0 190.0
F 248.990136 578.012845 -1.507272
E -2.816025 28.198616 49.082704 0.138547
W C 1805.0 190.0 1191.0 747.0
F 257.894578 537.996414 -1.391613
E -2.807305 28.397757 50.657058 0.149409
W C 1805.0 190.0 1191.0 747.0
F 273.501318 498.259703 -1.252258
E -2.789271 28.172366 52.057844 0.133871
W C 1805.0 190.0 1191.0 747.0 1693.0 1043.0
F 292.653415 461.238008 -1.135526
E -2.758828 28.209900 53.118409 0.148066
W C 1805.0 190.0 1191.0 747.0
F 294.865419 460.787606 -1.127993
E -2.776433 27.547558 52.411619 0.119688
W C 1805.0 190.0 1191.0 747.0
F 321.284705 426.728628 -0.974290
E -2.735674 27.553924 53.266138 0.146141
W C 1805.0 190.0 1191.0 747.0
F 347.996897 396.500953 -0.876640
E -2.692816 27.775526 53.587342 0.147673
W C 1805.0 190.0 1191.0 747.0
F 380.715479 368.527032 -0.744515
E -2.642654 28.189932 53.950656 0.150818
W C 1805.0 190.0 1191.0 747.0
F 414.676685 345.017703 -0.632948
E -2.592789 28.658386 53.884651 0.149637
W C 1805.0 190.0 1191.0 747.0
F 416.675515 345.312924 -0.625486
E -2.610105 27.918200 52.957417 0.120135
W C 1805.0 190.0 1191.0 747.0
F 456.721431 327.719855 -0.468202
E -2.552339 28.418412 52.680410 0.145118
W C 1805.0 190.0 1191.0 747.0
F 494.932231 313.776518 -0.370616
E -2.492110 29.193872 52.059695 0.148571
W C 1805.0 190.0 1191.0 747.0
F 536.417756 305.639100 -0.236515
E -2.432257 29.942135 51.246679 0.148030
W C 1805.0 190.0 1191.0 747.0
F 540.782573 307.412329 -0.204055
E -2.453624 29.202069 50.145695 0.118838
W C 1805.0 190.0 1191.0 747.0
F 587.199787 304.828835 -0.116727
E -2.389279 29.368530 48.471305 0.120511
W C 1805.0 190.0 1191.0 747.0 1291.0 1881.0
F 632.786122 307.122730 -0.044313
E -0.745719 46.212991 29.696314 0.119866
W C 1805.0 190.0 1191.0 747.0 383.0 1458.0
F 676.064024 311.445514 0.002686
E -0.664822 44.216243 29.978664 0.119094
W C 1805.0 190.0 1191.0 747.0 383.0 1458.0
F 719.422056 316.378418 0.025738
E -0.577144 42.496053 30.199254 0.095101
W C 1805.0 190.0 1191.0 747.0 383.0 1458.0
F 719.814647 319.036053 0.033865
E -0.575103 40.794122 29.312331 0.082306
W C 1805.0 190.0 1191.0 747.0 383.0 1458.0
F 765.178960 322.823050 0.044441
E -0.458585 39.592557 29.296417 0.112637
W C 1805.0 190.0 1191.0 747.0 383.0 1458.0
F 809.707646 327.727780 0.055274
E -0.338554 38.710344 28.892824 0.086858
W C 1805.0 190.0 1191.0 747.0 1291.0 1881.0 383.0 1458.0
F 852.270211 332.220949 0.059076
E -0.221587 38.075533 28.667347 0.076256
W C 1805.0 190.0 1191.0 747.0 383.0 1458.0
F 894.006112 335.992685 0.062948
E -0.134407 37.304608 27.902198 0.102625
W C 1805.0 190.0 1693.0 1043.0 1191.0 747.0 383.0 1458.0
F 895.240380 335.914550 0.056072
E -0.170610 35.737229 27.265291 0.086368
W C 1805.0 190.0 1693.0 1043.0 1191.0 747.0
F 940.206589 338.500329 0.051100
E -0.095503 35.489363 26.577372 0.112364
W C 1805.0 190.0 1693.0 1043.0 1191.0 747.0
F 983.411385 341.211048 0.052013
E -0.035059 35.201722 26.081800 0.090761
W C 1805.0 190.0 1693.0 1043.0 1191.0 747.0
F 1024.102225 344.290341 0.056567
E 0.018643 34.919745 25.642139 0.078408
W C 1805.0 190.0 1693.0 1043.0 1191.0 747.0
F 1025.569259 344.152212 0.052435
E -0.003450 33.274708 25.035499 0.070671
W C 1805.0 190.0 1693.0 1043.0 1191.0 747.0
F 1068.747040 346.609979 0.051746
E 0.046907 33.233052 24.609773 0.064854
W C 1805.0 190.0 1693.0 1043.0 1191.0 747.0
F 1112.553457 348.903850 0.050579
E 0.085374 33.114501 24.243296 0.060242
W C 1805.0 190.0 1693.0 1043.0 1191.0 747.0
F 1154.591139 351.078245 0.049887
E 0.112270 32.891814 23.921202 0.056438
W C 1805.0 190.0 1693.0 1043.0 1191.0 747.0
F 1193.714997 353.078606 0.050399
E 0.128971 32.652446 23.650814 0.053191
W C 1805.0 190.0 1693.0 1043.0 1191.0 747.0
F 1194.656803 353.178043 0.049049
E 0.104369 30.896682 23.038175 0.050593
W C 1805.0 190.0 1693.0 1043.0 1191.0 747.0
F 1238.696889 355.470352 0.053419
E 0.114834 31.073820 22.599716 0.107378
W C 1805.0 190.0 1693.0 1043.0 1191.0 747.0
F 1281.395780 358.132026 0.083190
E 0.128202 31.716729 22.256068 0.120486
W C 1805.0 190.0 1693.0 1043.0 1191.0 747.0
F 1320.941115 363.212302 0.151876
E 0.150574 33.051450 21.994445 0.127729
W C 1805.0 190.0 1693.0 1043.0 1191.0 747.0
F 1320.491706 363.118629 0.144689
E 0.102871 31.190315 21.410711 0.098750
W C 1805.0 190.0 1693.0 1043.0 1191.0 747.0
F 1362.570201 378.243693 0.302389
E 0.156639 32.843487 20.933947 0.115620
W C 1805.0 190.0 1693.0 1043.0 1291.0 1881.0 1191.0 747.0
F 1399.892249 398.225215 0.443113
E 0.206752 32.946436 20.690462 0.113046
W C 1805.0 190.0 1693.0 1043.0 1291.0 1881.0 1191.0 747.0
F 1431.417116 417.839849 0.521377
E 0.262330 32.424272 20.625447 0.111337
W C 1805.0 190.0 1693.0 1043.0 1291.0 1881.0 1191.0 747.0
F 1432.288033 420.310877 0.538049
E 0.217867 30.225359 20.062983 0.089709
W C 1805.0 190.0 1693.0 1043.0 1191.0 747.0
F 1462.709585 448.518216 0.682710
E 0.310383 30.207549 20.137134 0.109577
W C 1805.0 190.0 1693.0 1043.0 1291.0 1881.0 1191.0 747.0
F 1488.286241 478.401144 0.795972
E 0.405970 29.780004 20.416366 0.110001
W C 1805.0 190.0 1693.0 1043.0 1291.0 1881.0 1191.0 747.0
F 1509.538301 505.884811 0.860006
E 0.534573 29.593986 20.997514 0.122865
W C 1805.0 190.0 1693.0 1043.0 1191.0 747.0
F 1524.576551 537.207574 1.002920
E 0.667326 29.672420 21.105881 0.104165
W C 1805.0 190.0 1693.0 1043.0 1291.0 1881.0 383.0 1458.0 1191.0 747.0
F 1521.763370 541.923444 1.048780
E 0.654722 27.304373 20.286652 0.075276
W C 1805.0 190.0 1693.0 1043.0 1291.0 1881.0 383.0 1458.0 1191.0 747.0 482.0 682.0
F 1531.558037 581.446200 1.245291
E 2.445958 20.453083 29.519280 0.105097
W C 1693.0 1043.0 1291.0 1881.0 383.0 1458.0 1191.0 747.0 482.0 682.0
F 1536.802019 620.824625 1.394526
E 2.603294 20.603720 30.885038 0.114218
W C 1693.0 1043.0 1291.0 1881.0 383.0 1458.0 1191.0 747.0
F 1534.462630 660.827204 1.571487
E 2.746273 20.751133 31.960938 0.126646
W C 1693.0 1043.0 383.0 1458.0 1191.0 747.0
F 1532.750344 666.913767 1.606228
E 2.693033 20.080393 30.301882 0.093311
W C 1693.0 1043.0 1291.0 1881.0 383.0 1458.0 1191.0 747.0
F 1522.222538 708.306106 1.788320
E 2.862893 20.560539 30.654463 0.113406
W C 1693.0 1043.0 1291.0 1881.0 383.0 1458.0 1191.0 747.0
F 1507.419760 745.258678 1.930969
E 3.000913 21.028296 30.163059 0.112833
W C 1693.0 1043.0 1291.0 1881.0 383.0 1458.0 1191.0 747.0
F 1488.747600 777.466921 2.065606
E 3.123357 21.429987 29.079223 0.111695
W C 1693.0 1043.0 1291.0 1881.0 383.0 1458.0 1191.0 747.0
F 1469.206985 805.323294 2.134210
E -3.087564 21.535433 27.249397 0.107333
W C 1693.0 1043.0 1291.0 1881.0 383.0 1458.0 1191.0 747.0
F 1463.463291 807.289453 2.200804
E 3.029809 20.803185 24.877533 0.082764
W C 1693.0 1043.0 1291.0 1881.0 383.0 1458.0 1191.0 747.0
F 1430.046357 840.116384 2.315597
E -3.126173 21.036654 23.685185 0.101143
W C 1693.0 1043.0 1291.0 1881.0 383.0 1458.0 1191.0 747.0
F 1395.124757 868.219144 2.394859
E -2.929591 21.271799 22.585242 0.095765
W C 1693.0 1043.0 1291.0 1881.0 383.0 1458.0 482.0 682.0 1191.0 747.0
F 1360.334237 895.040550 2.427336
E -2.454921 21.597473 22.813497 0.077088
W C 1291.0 1881.0 383.0 1458.0 482.0 682.0 1191.0 747.0
F 1354.824786 898.983861 2.433965
E -2.819548 21.034301 21.350072 0.067008
W C 1291.0 1881.0 383.0 1458.0 482.0 682.0 1191.0 747.0
F 1317.034760 928.499829 2.460564
E -0.691540 22.275750 20.848803 0.101753
W C 1291.0 1881.0 383.0 1458.0 482.0 682.0 1191.0 747.0
F 1280.551193 956.300221 2.478263
E -0.630610 24.337560 20.833164 0.111844
W C 1291.0 1881.0 383.0 1458.0 482.0 682.0
F 1244.474627 983.642342 2.485927
E -0.627282 26.123986 20.898204 0.113116
W C 1291.0 1881.0 383.0 1458.0 482.0 682.0
F 1243.049957 984.652193 2.486287
E -0.634894 25.540426 20.491143 0.089486
W C 1291.0 1881.0 383.0 1458.0 482.0 682.0
F 1206.873014 1012.240270 2.487833
E -0.633384 27.088539 20.609677 0.075881
W C 1291.0 1881.0 383.0 1458.0 482.0 682.0
F 1170.760015 1039.817366 2.489621
E -0.632205 28.434093 20.608146 0.108006
W C 1291.0 1881.0 383.0 1458.0 482.0 682.0
F 1134.713768 1067.741845 2.485432
E -0.630632 29.554017 20.659182 0.112589
W C 1291.0 1881.0 383.0 1458.0 482.0 682.0
F 1100.041645 1094.233826 2.489222
E -0.629629 30.476853 20.740999 0.113234
W C 1291.0 1881.0 383.0 1458.0 482.0 682.0
F 1066.036706 1120.251434 2.489651
E -0.627305 31.228468 20.825548 0.113344
W C 1291.0 1881.0 383.0 1458.0 482.0 682.0
F 1064.779720 1121.311898 2.488768
E -0.629047 30.145146 20.333159 0.089580
W C 1291.0 1881.0 383.0 1458.0 482.0 682.0
F 1029.438884 1148.432794 2.488730
E -0.626467 30.938633 20.467447 0.075946
W C 1291.0 1881.0 383.0 1458.0 482.0 682.0
F 994.216254 1175.529323 2.488525
E -0.623296 31.552784 20.669104 0.066800
W C 1291.0 1881.0 383.0 1458.0 482.0 682.0
F 959.349827 1201.621424 2.491865
E -0.605406 32.602150 21.084257 0.062088
W C 383.0 1458.0 482.0 682.0
F 959.473071 1201.887688 2.491240
E -0.609214 31.305272 20.377493 0.056710
W C 1291.0 1881.0 383.0 1458.0 482.0 682.0
F 923.288161 1229.450353 2.494927
E -0.592574 32.526416 20.507011 0.117019
W C 383.0 1458.0 482.0 682.0
F 891.636546 1253.605411 2.537152
E -0.573780 34.259329 20.561590 0.124749
W C 1291.0 1881.0 383.0 1458.0 482.0 682.0
F 861.155663 1271.272547 2.637571
E -0.525428 37.873750 20.572034 0.132649
W C 1291.0 1881.0 383.0 1458.0 482.0 682.0
F 837.991989 1282.482086 2.709136
E -0.489220 39.044395 20.415717 0.128844
W C 1291.0 1881.0 383.0 1458.0 482.0 682.0
F 837.771524 1279.265856 2.754832
E -0.490943 36.828426 19.912983 0.097193
W C 1291.0 1881.0 383.0 1458.0 482.0 682.0
F 806.522792 1281.092281 2.967655
E -0.431103 38.304925 19.773949 0.127439
W C 1291.0 1881.0 383.0 1458.0 482.0 682.0
F 774.854744 1277.970500 -3.117598
E -0.353250 39.995996 20.197468 0.146293
W C 383.0 1458.0 482.0 682.0
F 744.033087 1266.513959 -2.886238
E -0.263355 40.750228 21.094100 0.148274
W C 383.0 1458.0 482.0 682.0
F 743.688936 1264.537843 -2.853147
E -0.282302 38.989361 20.622930 0.114999
W C 383.0 1458.0 482.0 682.0
F 717.952913 1245.326873 -2.625851
E -0.152807 38.516802 22.330470 0.129836
W C 383.0 1458.0 482.0 682.0 1191.0 747.0
F 698.451332 1224.471385 -2.457949
E -0.032089 37.178808 24.080892 0.129025
W C 383.0 1458.0 482.0 682.0 1191.0 747.0
F 683.370032 1201.811033 -2.308084
E 0.111684 35.693431 25.690861 0.128737
W C 383.0 1458.0 482.0 682.0 1191.0 747.0
F 674.072979 1174.015670 -2.097689
E 0.298527 34.302919 26.867082 0.127797
W C 383.0 1458.0 482.0 682.0 1191.0 747.0
F 677.281861 1173.549803 -2.060511
E 0.267568 31.411531 25.778926 0.091264
W C 383.0 1458.0 482.0 682.0 1191.0 747.0 1693.0 1043.0
F 673.492014 1139.927082 -1.802927
E 0.761187 33.145385 27.001650 0.128616
W C 482.0 682.0 1191.0 747.0 1693.0 1043.0
F 671.981753 1108.779824 -1.663712
E 2.651360 27.085202 35.000405 0.130613
W C 482.0 682.0 1191.0 747.0 1693.0 1043.0
F 674.103662 1066.998134 -1.564902
E 2.759183 26.156576 34.978548 0.119273
W C 482.0 682.0 1191.0 747.0 1693.0 1043.0
F 680.056085 1065.266659 -1.493511
E 2.723308 25.164089 33.906612 0.094972
W C 482.0 682.0 1191.0 747.0 1693.0 1043.0
F 688.842756 1022.389451 -1.422114
E 2.823924 24.409760 33.594517 0.112344
W C 482.0 682.0 1191.0 747.0 1693.0 1043.0
F 701.960721 978.188098 -1.371031
E 2.878408 23.743896 33.030997 0.084794
W C 482.0 682.0 1805.0 190.0 1191.0 747.0 1693.0 1043.0
F 714.603799 937.467500 -1.347675
E 2.915943 23.214767 32.178114 0.070755
W C 482.0 682.0 1805.0 190.0 1191.0 747.0 1693.0 1043.0
F 726.495100 899.592545 -1.335645
E 2.939186 22.776631 31.062856 0.061817
W C 482.0 682.0 1805.0 190.0 1191.0 747.0 1693.0 1043.0
F 728.889713 896.727183 -1.328450
E 2.871127 21.782271 29.182658 0.055864
W C 482.0 682.0 1805.0 190.0 1191.0 747.0 1693.0 1043.0
F 740.886784 855.146730 -1.324197
E 2.922462 21.675365 28.424629 0.051215
W C 482.0 682.0 1805.0 190.0 1191.0 747.0 1693.0 1043.0
F 753.111616 812.879820 -1.321199
E 2.967435 21.646636 27.518704 0.047488
W C 482.0 682.0 1805.0 190.0 1191.0 747.0 1693.0 1043.0
F 765.004695 773.061784 -1.319387
E 3.021217 21.708372 26.593667 0.044462
W C 482.0 682.0 1805.0 190.0 1191.0 747.0 1693.0 1043.0
F 776.419146 737.781935 -1.318461
E 3.105462 21.854626 25.872096 0.041983
W C 482.0 682.0 1805.0 190.0 1191.0 747.0 1693.0 1043.0
F 777.727885 735.892499 -1.317603
E 3.028775 21.261288 23.836238 0.039880
W C 482.0 682.0 1805.0 190.0 1191.0 747.0 1693.0 1043.0
F 791.073217 696.130955 -1.278555
E -2.967985 21.344728 24.517224 0.103879
W C 482.0 682.0 1805.0 190.0 1191.0 747.0 1693.0 1043.0
F 806.161783 656.725763 -1.234478
E -2.791142 21.637761 25.393407 0.120376
W C 482.0 682.0 1805.0 190.0 1191.0 747.0
F 825.500327 615.753401 -1.149584
E -2.683666 22.210709 27.994926 0.139655
W C 1805.0 190.0 1191.0 747.0
F 827.186261 614.899252 -1.145717
E -2.705500 21.710367 27.512334 0.114527
W C 1805.0 190.0 1191.0 747.0
F 850.967107 575.663026 -1.055089
E -2.586212 22.053291 29.735012 0.140593
W C 1805.0 190.0 1191.0 747.0
F 876.667831 538.801193 -0.976629
E -2.480205 22.557798 31.609523 0.146266
W C 1805.0 190.0 1191.0 747.0
F 905.366671 504.726549 -0.890248
E -2.388006 23.092146 33.146023 0.147801
W C 1805.0 190.0 1191.0 747.0
F 906.742101 504.430079 -0.887199
E -2.420781 22.562444 32.153026 0.120933
W C 1805.0 190.0 1191.0 747.0
F 940.978634 472.574388 -0.781040
E -0.767237 33.531274 22.622542 0.129642
W C 1805.0 190.0 1693.0 1043.0 1191.0 747.0
F 976.466799 444.861813 -0.670634
E -0.680570 35.845368 22.712507 0.137494
W C 1805.0 190.0 1693.0 1043.0 1191.0 747.0
F 1011.667201 421.818227 -0.573610
E -0.599615 37.508598 22.797434 0.138035
W C 1805.0 190.0 1693.0 1043.0 1191.0 747.0
F 1048.501885 404.958126 -0.453198
E -0.535570 37.955988 22.801558 0.134160
W C 1805.0 190.0 1693.0 1043.0 1191.0 747.0
F 1051.794112 405.419838 -0.434943
E -0.568128 36.198855 22.231246 0.106714
W C 1805.0 190.0 1693.0 1043.0 1191.0 747.0
F 1092.688774 394.481103 -0.302910
E -0.488293 36.400305 22.124655 0.128293
W C 1805.0 190.0 1693.0 1043.0 1191.0 747.0
F 1132.804504 388.201090 -0.189017
E -0.408128 36.316410 22.160939 0.129729
W C 1805.0 190.0 1693.0 1043.0 1191.0 747.0
F 1170.485937 384.625163 -0.106555
E -0.322026 36.232617 22.279164 0.130382
W C 1805.0 190.0 1693.0 1043.0 1191.0 747.0
F 1212.406544 386.586464 -0.010999
E -0.259685 35.380137 22.272419 0.123135
W C 1805.0 190.0 1693.0 1043.0 1191.0 747.0
F 1215.729641 390.956939 0.038107
E -0.297699 33.534505 21.471252 0.093710
W C 1805.0 190.0 1693.0 1043.0 1291.0 1881.0 1191.0 747.0
F 1261.370394 396.475058 0.063028
E -0.224422 32.963422 21.623534 0.081753
W C 1805.0 190.0 1693.0 1043.0 1191.0 747.0
F 1305.758715 404.280651 0.089959
E -0.164580 32.525509 21.730089 0.073160
W C 1805.0 190.0 1693.0 1043.0 1191.0 747.0
F 1349.680940 414.155468 0.118725
E -0.108933 32.859622 21.767897 0.065302
W C 1805.0 190.0 1693.0 1043.0 1291.0 1881.0
F 1351.848153 417.431173 0.133540
E -0.141166 31.883341 21.151558 0.060970
W C 1805.0 190.0 1693.0 1043.0
F 1395.069105 428.582397 0.194952
E -0.080603 32.339927 21.013935 0.106799
W C 1805.0 190.0 1693.0 1043.0 1291.0 1881.0
F 1437.025563 439.890364 0.213032
E -0.042423 32.553929 21.073989 0.085554
W C 1805.0 190.0 1693.0 1043.0 1291.0 1881.0
F 1478.977685 449.954105 0.216330
E -0.022687 32.670995 21.326149 0.075877
W C 1805.0 190.0 1693.0 1043.0
F 1516.832049 460.415562 0.221882
E -0.008321 32.468394 21.427287 0.066388
W C 1805.0 190.0 1693.0 1043.0 1291.0 1881.0
F 1517.641196 461.129232 0.224136
E -0.036205 30.965710 20.714423 0.061539
W C 1805.0 190.0 1693.0 1043.0
F 1562.685407 471.733765 0.225538
E -0.027574 30.970315 21.006174 0.057494
W C 1805.0 190.0 1693.0 1043.0
F 1603.534687 482.464449 0.264304
E -0.008092 30.965711 21.244800 0.122181
W C 1805.0 190.0 1693.0 1043.0
F 1640.555269 494.021740 0.294817
E 0.023553 30.692482 21.533783 0.119477
W C 1805.0 190.0 1693.0 1043.0 1291.0 1881.0
F 1641.021543 496.322894 0.311584
E -0.007008 28.648322 20.870983 0.092775
W C 1805.0 190.0 1693.0 1043.0 1291.0 1881.0
F 1680.491826 514.936766 0.399531
E 0.069381 28.759514 21.188147 0.116906
W C 1805.0 190.0 1693.0 1043.0 1291.0 1881.0
F 1719.666902 538.024023 0.493068
E 0.164580 28.804176 21.800547 0.120703
W C 1805.0 190.0 1693.0 1043.0 1291.0 1881.0
F 1753.963502 558.996610 0.533517
E 0.265557 28.932274 22.796029 0.137143
W C 1805.0 190.0 1693.0 1043.0
F 1753.906188 559.230880 0.534360
E 0.318860 28.397096 22.395838 0.121090
W C 1693.0 1043.0
F 1789.658250 587.778856 0.668802
E 0.538763 31.814133 23.229769 0.149035
W C 1693.0 1043.0 383.0 1458.0
F 1820.732225 619.846566 0.800722
E 0.716937 35.180222 23.873712 0.156065
W C 1693.0 1043.0 383.0 1458.0
F 1847.091197 651.650880 0.891712
E 2.422125 24.215330 37.444474 0.154564
W C 1693.0 1043.0 383.0 1458.0
F 1869.396504 687.332367 0.993861
E 2.533024 24.370623 38.716153 0.149772
W C 1693.0 1043.0 383.0 1458.0
F 1868.853212 687.776790 0.999545
E 2.535718 23.870098 38.402119 0.135935
W C 1693.0 1043.0
F 1889.817701 729.877800 1.044330
E 2.650898 24.021423 39.186712 0.116191
W C 1693.0 1043.0 383.0 1458.0
F 1908.003485 771.669496 1.079084
E 2.756692 24.186010 39.860512 0.104556
W C 1693.0 1043.0 383.0 1458.0
F 1921.666442 818.408378 1.213896
E 2.832705 23.969548 39.732885 0.125633
W C 1291.0 1881.0 1693.0 1043.0 383.0 1458.0
F 1934.646341 864.827376 1.282375
E 2.917974 23.661219 39.262296 0.130328
W C 1291.0 1881.0 1693.0 1043.0 383.0 1458.0
F 1935.631211 871.123090 1.287177
E 2.916911 23.196581 37.422795 0.114070
W C 1291.0 1881.0 1693.0 1043.0
F 1943.663194 921.080756 1.387741
E 3.020003 22.945767 37.574699 0.147426
W C 1291.0 1881.0 1693.0 1043.0
F 1947.155856 970.717068 1.480070
E 3.134378 22.984814 37.348843 0.154796
W C 1291.0 1881.0 1693.0 1043.0
F 1946.658543 1015.447444 1.558186
E -3.041397 23.013916 36.227203 0.137535
W C 1291.0 1881.0 1693.0 1043.0 482.0 682.0
F 1944.848349 1023.120314 1.571926
E -3.065902 22.464934 33.361420 0.110044
W C 1291.0 1881.0 383.0 1458.0 1693.0 1043.0
F 1939.803383 1072.148611 1.658290
E -2.942730 22.533595 33.961305 0.149312
W C 383.0 1458.0 1693.0 1043.0
F 1929.704894 1117.531658 1.756929
E -2.894322 22.918508 34.897924 0.141693
W C 1291.0 1881.0 383.0 1458.0
F 1916.313882 1162.640872 1.842301
E -2.864687 23.380661 36.306708 0.140187
W C 1291.0 1881.0 383.0 1458.0
F 1900.793226 1204.995808 1.915680
E -2.839787 23.782967 37.526737 0.138361
W C 1291.0 1881.0 383.0 1458.0
F 1897.500247 1207.164755 1.933737
E -2.864219 23.064674 36.833318 0.102573
W C 1291.0 1881.0 383.0 1458.0 482.0 682.0
F 1874.259763 1249.466731 2.038146
E -2.823016 23.024471 38.060134 0.119398
W C 1291.0 1881.0 383.0 1458.0 482.0 682.0
F 1850.482008 1289.098186 2.100595
E -2.769775 22.953698 38.940461 0.112091
W C 1291.0 1881.0 383.0 1458.0 482.0 682.0 1191.0 747.0
F 1824.191900 1326.123737 2.173164
E -2.718287 22.860202 39.562946 0.111091
W C 1291.0 1881.0 383.0 1458.0 482.0 682.0 1191.0 747.0
F 1821.286483 1327.250689 2.189892
E -2.733715 22.187668 38.534578 0.086739
W C 1291.0 1881.0 383.0 1458.0 482.0 682.0 1191.0 747.0
F 1790.016361 1361.782995 2.283433
E -2.673490 22.027232 39.068003 0.108757
W C 1291.0 1881.0 383.0 1458.0 482.0 682.0 1191.0 747.0
F 1755.741811 1393.647091 2.375662
E -2.614166 21.995510 39.414528 0.110319
W C 1291.0 1881.0 383.0 1458.0 482.0 682.0 1191.0 747.0
F 1721.510740 1422.282533 2.440796
E -2.555895 21.998437 39.575146 0.109955
W C 1291.0 1881.0 383.0 1458.0 482.0 682.0 1191.0 747.0
F 1686.801756 1447.817309 2.504589
E -2.501701 21.952665 39.594616 0.109305
W C 1291.0 1881.0 383.0 1458.0 482.0 682.0 1191.0 747.0
F 1684.378409 1447.813153 2.523380
E -2.518471 21.294076 38.328174 0.085245
W C 1291.0 1881.0 383.0 1458.0 482.0 682.0 1191.0 747.0
F 1644.890502 1470.176028 2.604776
E -2.461320 21.151193 38.220201 0.104939
W C 1291.0 1881.0 383.0 1458.0 482.0 682.0 1191.0 747.0
F 1603.078226 1490.261485 2.658578
E -2.413104 21.041560 37.900498 0.104500
W C 1291.0 1881.0 383.0 1458.0 482.0 682.0 1191.0 747.0
F 1563.802239 1509.002108 2.670856
E -2.373339 21.078145 37.537172 0.081082
W C 1291.0 1881.0 383.0 1458.0 482.0 682.0 1191.0 747.0
F 1562.407415 1509.174267 2.673838
E -2.390645 20.336193 36.169972 0.069158
W C 1291.0 1881.0 383.0 1458.0 482.0 682.0 1191.0 747.0
F 1522.071383 1528.975257 2.673958
E -0.761156 36.842681 20.790483 0.063770
W C 383.0 1458.0 482.0 682.0 1191.0 747.0
F 1482.879465 1548.215199 2.680615
E -0.734811 36.352446 20.474833 0.098826
W C 1291.0 1881.0 383.0 1458.0 482.0 682.0 1191.0 747.0
F 1443.278929 1567.834310 2.680445
E -0.719496 35.737805 20.092847 0.102252
W C 1291.0 1881.0 383.0 1458.0 482.0 682.0 1191.0 747.0
F 1403.811261 1586.369597 2.688723
E -0.669752 36.500769 20.643235 0.085176
W C 383.0 1458.0 482.0 682.0 1191.0 747.0
F 1403.211746 1586.827534 2.684546
E -0.667134 35.899256 20.218808 0.075157
W C 383.0 1458.0 482.0 682.0 1191.0 747.0
F 1362.333802 1605.574042 2.720161
E -0.600729 37.221401 20.607285 0.117390
W C 383.0 1458.0 482.0 682.0 1191.0 747.0
F 1322.796499 1621.559555 2.767650
E -0.536959 38.387855 21.084137 0.123033
W C 383.0 1458.0 482.0 682.0 1191.0 747.0
F 1281.437188 1634.611925 2.836631
E -0.474177 39.492138 21.582721 0.124590
W C 383.0 1458.0 482.0 682.0 1191.0 747.0
F 1281.329472 1634.010836 2.843745
E -0.484049 38.849968 21.013150 0.098766
W C 383.0 1458.0 482.0 682.0 1191.0 747.0
F 1236.606431 1641.560991 2.949603
E -0.417812 39.793278 21.314602 0.121550
W C 383.0 1458.0 482.0 682.0 1191.0 747.0
F 1193.096982 1646.640333 3.011077
E -0.357212 40.267594 21.694874 0.121300
W C 383.0 1458.0 482.0 682.0 1191.0 747.0
F 1149.544075 1648.736110 3.056104
E -0.300911 40.576429 22.034641 0.119155
W C 383.0 1458.0 482.0 682.0 1191.0 747.0
F 1106.544519 1650.925719 3.076115
E -0.247825 40.819961 22.291481 0.118387
W C 383.0 1458.0 482.0 682.0 1191.0 747.0
F 1106.986644 1650.863298 3.076442
E -0.256610 39.960196 21.694614 0.095365
W C 383.0 1458.0 482.0 682.0 1191.0 747.0
F 1062.690638 1654.151472 3.073634
E -0.204812 40.294047 21.933662 0.082346
W C 383.0 1458.0 482.0 682.0 1191.0 747.0
F 1019.547109 1656.841116 3.079687
E -0.157028 40.664889 21.968809 0.112956
W C 383.0 1458.0 482.0 682.0 1191.0 747.0
F 976.948277 1659.393976 3.086679
E -0.112086 41.039964 21.993552 0.117664
W C 383.0 1458.0 482.0 682.0 1191.0 747.0
F 976.665546 1660.518052 3.074198
E -0.120605 40.110979 21.408302 0.095131
W C 383.0 1458.0 482.0 682.0 1191.0 747.0
F 932.382392 1663.864154 3.074659
E -0.076787 40.649092 21.273974 0.115748
W C 383.0 1458.0 482.0 682.0 1191.0 747.0
F 888.683932 1668.001233 3.066933
E -0.042311 41.224638 21.549768 0.098092
W C 383.0 1458.0 482.0 682.0
F 844.850084 1671.813168 3.065517
E -0.009636 41.831315 21.666159 0.125717
W C 383.0 1458.0 482.0 682.0
F 844.994350 1672.558215 3.059536
E -0.019437 40.974517 21.096351 0.105050
W C 383.0 1458.0 482.0 682.0
F 800.158080 1677.185170 3.054252
E 0.014289 41.671349 21.217052 0.092161
W C 383.0 1458.0 482.0 682.0
F 756.723904 1681.212221 3.056875
E 0.047699 42.346583 21.190585 0.125556
W C 383.0 1458.0 482.0 682.0
F 713.169311 1685.158978 3.061353
E 0.085253 43.031821 21.171992 0.133234
W C 383.0 1458.0 482.0 682.0
F 672.496449 1687.837131 3.076673
E 0.126398 43.615115 21.103891 0.134668
W C 383.0 1458.0 482.0 682.0
F 666.812091 1689.443727 3.070468
E 0.129748 42.750122 20.477115 0.113344
W C 383.0 1458.0 482.0 682.0
F 665.950257 1691.080570 3.055992
E 0.124088 41.865369 20.023861 0.100713
W C 383.0 1458.0 482.0 682.0
F 665.249472 1692.061023 3.048587
E 0.118617 41.038662 19.682337 0.092488
W C 383.0 1458.0 482.0 682.0
F 664.648145 1692.769978 3.044046
E 0.113314 40.263688 19.396951 0.086588
W C 383.0 1458.0 482.0 682.0
F 664.011631 1693.276358 3.041189
E 0.108172 39.535154 19.144941 0.082085
W C 383.0 1458.0 482.0 682.0
F 663.428608 1693.730093 3.039280
E 0.103195 38.848416 18.915076 0.078494
W C 383.0 1458.0 482.0 682.0
F 662.877649 1694.123060 3.037996
E 0.098376 38.199516 18.701279 0.075537
W C 383.0 1458.0 482.0 682.0
F 662.372574 1694.472793 3.037114
E 0.093709 37.584987 18.499862 0.073039
W C 383.0 1458.0 482.0 682.0
