F 1824.839883 1880.660829 3.717551
E 0.000000 100.000000 100.000000 0.174533
F 1824.839883 1880.660829 3.717551
E 0.000000 100.000000 100.000000 0.174533
F 1824.839883 1880.660829 3.717551
E 0.000000 100.000000 100.000000 0.174533
F 1824.839883 1880.660829 3.717551
E 0.000000 100.000000 100.000000 0.174533
F 1824.839883 1880.660829 3.717551
E 0.000000 100.000000 100.000000 0.174533
F 1824.839883 1880.660829 3.717551
E 0.000000 100.000000 100.000000 0.174533
F 1824.839883 1880.660829 3.717551
E 0.000000 100.000000 100.000000 0.174533
F 1824.839883 1880.660829 3.717551
E 0.000000 100.000000 100.000000 0.174533
F 1824.839883 1880.660829 3.717551
E 0.000000 100.000000 100.000000 0.174533
F 1824.839883 1880.660829 3.717551
E 0.000000 100.000000 100.000000 0.174533
F 1824.839883 1880.660829 3.717551
E 0.000000 100.000000 100.000000 0.174533
F 1824.839883 1880.660829 3.717551
E 0.000000 100.000000 100.000000 0.174533
F 1824.839883 1880.660829 3.717551
E 0.000000 100.000000 100.000000 0.174533
F 1804.058465 1867.165218 3.717551
E 0.575959 100.187861 100.098275 0.174533
F 1766.886069 1843.025182 3.717551
E 0.575959 100.786580 100.778260 0.174533
F 1729.210438 1818.699084 -2.567886
E -2.563971 101.395975 102.061936 0.225777
F 1691.397536 1794.263968 -2.567886
E -2.564994 102.006318 104.328299 0.225777
F 1691.397536 1794.263968 -2.567886
E -2.564994 102.006318 104.328299 0.225777
F 1653.877757 1770.018271 -2.567886
E -2.565706 102.603693 107.482692 0.225777
F 1616.275577 1745.578789 -2.565634
E -2.566068 103.202365 111.481126 0.267374
F 1578.599946 1721.252690 -2.567886
E -2.566271 103.797584 116.580929 0.303320
F 1540.997766 1696.813207 -2.565634
E -2.566399 104.389408 122.980722 0.335435
F 1540.997766 1696.813207 -2.565634
E -2.566399 104.389408 122.980722 0.335435
F 1503.322134 1672.487109 -2.567886
E -2.566485 104.977896 130.805164 0.364733
F 1465.719954 1648.047626 -2.565634
E -2.566545 105.563103 140.110052 0.391847
F 1465.719954 1648.047626 -2.565634
E -2.566545 105.563103 140.110052 0.391847
F 1428.044322 1623.721527 -2.567886
E -2.566588 106.145084 150.894928 0.417202
F 1390.442142 1599.282045 -2.565634
E -2.566620 106.723891 163.119170 0.441102
F 1352.766511 1574.955946 -2.567886
E -2.566645 107.299576 176.717556 0.463772
F 1315.164331 1550.516463 -2.565634
E -2.566663 107.872189 191.612854 0.485385
F 1277.488699 1526.190365 -2.567886
E -2.566678 108.441778 207.724704 0.506075
F 1277.488699 1526.190365 -2.567886
E -2.566678 108.441778 207.724704 0.506075
F 1239.886519 1501.750882 -2.565634
E -2.566690 109.008391 224.975131 0.525952
F 1202.210887 1477.424783 -2.567886
E -2.566699 109.572074 243.291535 0.545105
F 1164.397986 1452.989667 -2.567886
E -2.566803 110.137124 262.685030 0.545105
F 1164.397986 1452.989667 -2.567886
E -2.566803 110.137124 262.685030 0.545105
F 1126.878207 1428.743971 -2.567886
E -2.566893 110.690632 282.719543 0.545105
F 1089.276027 1404.304488 -2.565634
E -2.566888 111.245791 303.468215 0.563607
F 1051.600395 1379.978390 -2.567886
E -2.566883 111.798193 324.858906 0.581521
F 1013.787493 1355.543274 -2.567886
E -2.566954 112.352050 346.978775 0.581521
F 1013.787493 1355.543274 -2.567886
E -2.566954 112.352050 346.978775 0.581521
F 976.267715 1331.297577 -2.567886
E -2.567018 112.894699 369.451954 0.581521
F 938.665535 1306.858094 -2.565634
E -2.567006 113.439071 392.448520 0.598900
F 900.989903 1282.531996 -2.567886
E -2.566994 113.980844 415.908281 0.615788
F 900.989903 1282.531996 -2.567886
E -2.566994 113.980844 415.908281 0.615788
F 863.387723 1258.092513 -2.565634
E -2.566982 114.520053 439.850921 0.632225
F 825.712092 1233.766415 -2.567886
E -2.566972 115.056736 464.290597 0.648245
F 787.899190 1209.331299 -2.567886
E -2.567021 115.594981 489.335228 0.648245
F 749.793165 1184.706763 -2.567886
E -2.567067 116.139052 515.015443 0.648245
F 749.793165 1184.706763 -2.567886
E -2.567067 116.139052 515.015443 0.648245
F 712.190984 1160.267280 -2.565634
E -2.567054 116.668286 540.772650 0.663879
F 674.515353 1135.941182 -2.567886
E -2.567042 117.195131 566.923304 0.679153
F 636.913173 1111.501699 -2.565634
E -2.567030 117.719619 593.484912 0.694091
F 636.913173 1111.501699 -2.565634
E -2.567030 117.719619 593.484912 0.694091
F 599.237541 1087.175600 -2.567886
E -2.567019 118.241780 620.471192 0.708715
F 561.635361 1062.736118 -2.565634
E -2.567008 118.761645 647.892756 0.723042
F 523.959730 1038.410019 -2.567886
E -2.566998 119.279245 675.757668 0.737091
F 523.959730 1038.410019 -2.567886
E -2.566998 119.279245 675.757668 0.737091
F 486.357549 1013.970536 -2.565634
E -2.566988 119.794609 704.071887 0.750878
F 448.681918 989.644438 -2.567886
E -2.566979 120.307765 732.839632 0.764416
F 411.468703 964.613114 -2.552124
E -2.566707 120.823363 762.062779 0.777840
F 377.464078 935.793039 -2.455305
E -2.564329 121.499466 791.447831 0.795330
F 377.464078 935.793039 -2.455305
E -2.564329 121.499466 791.447831 0.795330
F 345.934246 903.554975 -2.360737
E -2.558479 122.180344 821.359375 0.812531
F 317.797051 868.535463 -2.263918
E -2.549483 122.950038 851.109256 0.829482
F 293.185236 831.166998 -2.169350
E -2.537612 123.948933 880.481911 0.845800
F 272.211979 791.641487 -2.074782
E -2.523108 125.404794 909.401342 0.861809
F 272.211979 791.641487 -2.074782
E -2.523108 125.404794 909.401342 0.861809
F 255.248932 750.420542 -1.977963
E -2.506226 127.574915 937.551907 0.877627
F 242.105103 707.099556 -1.881144
E -2.486794 130.804270 965.280762 0.893523
F 233.481608 663.721759 -1.784324
E -2.465776 135.228410 991.349509 0.908616
F 228.743114 619.056427 -1.692008
E -2.442601 141.240720 1016.680630 0.923445
F 228.743114 619.056427 -1.692008
E -2.442601 141.240720 1016.680630 0.923445
F 232.601956 573.423669 -1.514131
E -2.416544 149.544091 1040.118542 0.947957
F 245.011497 530.378809 -1.322744
E -2.387988 160.248910 1059.122915 0.973361
F 264.504218 490.859466 -1.144866
E -2.357469 173.552779 1073.461688 0.995848
F 264.504218 490.859466 -1.144866
E -2.357469 173.552779 1073.461688 0.995848
F 288.159467 457.105933 -0.994008
E -0.756640 1082.989594 188.467319 1.013233
F 317.427953 426.609017 -0.838647
E -0.724947 1088.895995 206.005859 1.031278
F 350.261202 401.142756 -0.692292
E -0.693360 1090.841883 225.148763 1.047717
F 350.261202 401.142756 -0.692292
E -0.693360 1090.841883 225.148763 1.047717
F 386.376212 380.934259 -0.543686
E -0.661957 1088.970739 245.698680 1.064076
F 424.186138 365.991915 -0.408589
E -0.631575 1083.538674 266.969611 1.078531
F 465.627837 356.799706 -0.250976
E -0.600978 1074.061887 289.839374 1.095821
F 507.257582 353.891897 -0.102369
E -0.572722 1060.894972 312.528340 1.111605
F 507.257582 353.891897 -0.102369
E -0.572722 1060.894972 312.528340 1.111605
F 548.510488 357.189625 0.046237
E -0.547242 1044.367895 334.756404 1.127037
F 589.126481 366.825773 0.199347
E -0.525101 1024.450871 356.345956 1.142855
F 627.871662 382.327448 0.347953
E -0.507655 1001.720548 376.518240 1.157998
F 627.871662 382.327448 0.347953
E -0.507655 1001.720548 376.518240 1.157998
F 669.076894 399.149893 0.381727
E -0.492998 976.229069 397.360599 1.167066
F 710.651381 415.965789 0.383979
E -0.480060 951.272122 419.252997 1.175821
F 752.276335 432.656368 0.381727
E -0.468713 927.492703 442.474079 1.184512
F 793.409079 449.167749 0.381727
E -0.459631 905.211373 466.747076 1.184512
F 793.409079 449.167749 0.381727
E -0.459631 905.211373 466.747076 1.184512
F 834.983566 465.983644 0.383979
E -0.453536 883.882366 492.512236 1.193140
F 876.726201 482.849077 0.383979
E -0.451897 863.772228 519.526646 1.193140
F 918.792423 499.845251 0.383979
E -0.456764 844.931689 547.789900 1.193140
F 960.417377 516.535830 0.381727
E -0.471269 827.887888 576.548964 1.201706
F 960.417377 516.535830 0.381727
E -0.471269 827.887888 576.548964 1.201706
F 1001.991864 533.351725 0.383979
E -0.501523 812.739340 605.718015 1.210211
F 1043.087327 549.955679 0.383979
E -0.557944 800.314936 634.171596 1.210211
F 1084.829962 566.821113 0.383979
E -0.661857 791.828825 661.102369 1.210211
F 1084.829962 566.821113 0.383979
E -0.661857 791.828825 661.102369 1.210211
F 1126.249011 583.555806 0.383979
E -2.405168 682.570822 790.708170 1.210211
F 1167.991646 600.421240 0.383979
E -2.627061 694.481326 801.260285 1.210211
F 1209.410695 617.155933 0.383979
E -2.810019 696.133011 823.729932 1.210211
F 1251.153330 634.021367 0.383979
E -2.924285 691.618163 854.297900 1.210211
F 1251.153330 634.021367 0.383979
E -2.924285 691.618163 854.297900 1.210211
F 1292.005434 651.668885 0.404243
E -2.987845 684.103521 888.750765 1.218656
F 1331.363589 674.038592 0.501063
E -3.018666 673.668552 925.649015 1.230153
F 1365.683393 703.006920 0.672185
E -3.022919 659.617867 961.601719 1.247600
F 1365.683393 703.006920 0.672185
E -3.022919 659.617867 961.601719 1.247600
F 1393.914001 738.234400 0.863572
E -3.007344 641.563749 994.931706 1.267135
F 1414.488406 774.776068 1.023437
E -2.981354 622.011332 1022.465808 1.281926
F 1429.636490 813.648084 1.167540
E -2.949081 600.816379 1046.484460 1.295047
F 1429.636490 813.648084 1.167540
E -2.949081 600.816379 1046.484460 1.295047
F 1438.765961 853.829071 1.313895
E -2.913172 578.747497 1066.731160 1.308063
F 1442.323410 894.508457 1.451243
E -2.874869 556.194233 1083.254403 1.320085
F 1439.750772 936.160258 1.599850
E -2.833856 532.942388 1096.330956 1.333217
F 1430.216678 972.241164 1.775476
E -2.795769 512.360633 1103.797867 1.347413
F 1430.216678 972.241164 1.775476
E -2.795769 512.360633 1103.797867 1.347413
F 1414.218845 1005.613429 1.960108
E -2.756864 492.563296 1106.285033 1.362295
F 1392.551787 1035.594933 2.140237
E -2.717670 474.016644 1103.806201 1.376550
F 1365.863908 1061.209559 2.320366
E -2.679087 457.352173 1096.603936 1.390659
F 1365.863908 1061.209559 2.320366
E -2.679087 457.352173 1096.603936 1.390659
F 1333.639834 1081.833017 2.516256
E -2.640803 442.709685 1084.361870 1.406604
F 1298.716430 1095.635447 2.707643
E -2.605838 431.313262 1067.945537 1.421703
F 1262.385145 1102.683600 2.892276
E -2.574894 423.082661 1048.220737 1.435815
F 1222.987572 1106.489106 3.013863
E -2.545672 417.068348 1024.862814 1.445329
F 1222.987572 1106.489106 3.013863
E -2.545672 417.068348 1024.862814 1.445329
F 1178.175451 1112.363688 3.011611
E -2.515050 412.914828 998.820650 1.452518
F 1134.038183 1118.014601 3.013863
E -2.486644 411.851161 975.528975 1.459454
F 1089.730098 1123.705047 3.013863
E -2.460507 414.475754 954.398736 1.459454
F 1089.730098 1123.705047 3.013863
E -2.460507 414.475754 954.398736 1.459454
F 1044.571870 1129.624475 3.011611
E -2.436842 421.494487 935.120061 1.466684
F 1000.088496 1135.320234 3.013863
E -2.417198 433.074319 918.248305 1.473661
F 955.622481 1141.149969 3.011611
E -2.401959 449.439964 903.381757 1.480604
F 955.622481 1141.149969 3.011611
E -2.401959 449.439964 903.381757 1.480604
F 911.673377 1146.894930 3.011611
E -2.392127 470.247696 890.607822 1.480604
F 867.190002 1152.590689 3.013863
E -2.388760 495.588821 879.546091 1.487516
F 822.723988 1158.420424 3.011611
E -2.393823 524.753996 870.423849 1.494395
F 778.240613 1164.116183 3.013863
E -2.410117 557.048090 863.411611 1.501243
F 733.774599 1169.945919 3.011611
E -2.441959 591.546104 858.893813 1.508060
F 733.774599 1169.945919 3.011611
E -2.441959 591.546104 858.893813 1.508060
F 689.133383 1175.781351 3.011611
E -2.495999 627.143385 857.633554 1.508060
F 644.838223 1181.571548 3.011611
E -2.579721 661.493995 860.976328 1.508060
F 600.197007 1187.406980 3.011611
E -2.699866 692.457740 871.173168 1.508060
F 600.197007 1187.406980 3.011611
E -2.699866 692.457740 871.173168 1.508060
F 555.496302 1192.773238 3.020618
E -2.846071 716.606755 890.798103 1.514918
F 510.725219 1189.228780 -3.091445
E -2.980405 728.850793 921.351330 1.529119
F 472.395486 1173.136350 -2.807742
E -3.054051 726.489862 956.636262 1.555020
F 445.677354 1152.411787 -2.573574
E -3.073938 716.052817 986.228239 1.572303
F 445.677354 1152.411787 -2.573574
E -3.073938 716.052817 986.228239 1.572303
F 424.105782 1125.462063 -2.334903
E -3.067378 699.926185 1014.089958 1.590072
F 409.807637 1095.426394 -2.107490
E -3.043989 680.744149 1036.856439 1.606110
F 402.731933 1062.361300 -1.873323
E -3.009192 658.876209 1054.685991 1.622849
F 402.731933 1062.361300 -1.873323
E -3.009192 658.876209 1054.685991 1.622849
F 403.813432 1027.833365 -1.630148
E -2.966418 635.239583 1066.524818 1.640587
F 412.492813 995.531002 -1.400484
E -2.921100 612.223154 1071.535826 1.656414
F 428.151944 966.181897 -1.173071
E -2.874632 590.297776 1070.331554 1.671816
F 449.341495 941.494551 -0.954664
E -2.829604 570.682914 1063.524879 1.686012
F 449.341495 941.494551 -0.954664
E -2.829604 570.682914 1063.524879 1.686012
F 475.937988 921.820312 -0.729503
E -2.785861 553.380078 1051.460318 1.700878
F 506.539742 908.379236 -0.504342
E -2.745248 539.143418 1034.790074 1.715683
F 545.925055 889.964688 -0.448052
E -2.696703 524.074876 1010.946406 1.722004
F 545.925055 889.964688 -0.448052
E -2.696703 524.074876 1010.946406 1.722004
F 586.081197 870.793996 -0.445800
E -2.651060 512.252157 988.971633 1.727858
F 626.387225 851.532332 -0.445800
E -2.609441 505.056747 969.950288 1.727858
F 667.008144 832.120187 -0.445800
E -2.572179 503.825162 953.505812 1.727858
F 706.999282 813.009005 -0.445800
E -2.540337 509.490526 939.622052 1.727858
F 706.999282 813.009005 -0.445800
E -2.540337 509.490526 939.622052 1.727858
F 747.620201 793.596860 -0.445800
E -2.513099 522.788313 927.527494 1.727858
F 788.241120 774.184715 -0.445800
E -2.491277 543.754434 917.165847 1.727858
F 828.547148 754.923051 -0.445800
E -2.475532 571.768213 908.364570 1.727858
F 869.168067 735.510906 -0.445800
E -2.466812 606.574970 900.816482 1.727858
F 869.168067 735.510906 -0.445800
E -2.466812 606.574970 900.816482 1.727858
F 911.982647 720.303900 -0.355735
E -2.471752 646.431022 893.953212 1.735748
F 955.589538 709.510057 -0.258916
E -2.505128 687.598310 888.145325 1.743747
F 1000.035624 702.982163 -0.162097
E -2.590639 726.997848 885.701254 1.751710
F 1000.035624 702.982163 -0.162097
E -2.590639 726.997848 885.701254 1.751710
F 1044.721871 700.683714 -0.067529
E -2.754098 758.512145 891.812533 1.759495
F 1089.774285 702.608055 0.027039
E -2.961759 775.167388 913.303684 1.767337
F 1133.909014 708.856013 0.123858
E -3.110712 776.524020 949.302262 1.775104
F 1133.909014 708.856013 0.123858
E -3.110712 776.524020 949.302262 1.775104
F 1177.281125 719.946922 0.231936
E 3.099500 768.552898 993.668823 1.783388
F 1217.832546 739.784383 0.423323
E 3.079956 754.108243 1040.711882 1.797108
F 1253.567477 766.800515 0.614710
E 3.094242 734.741923 1085.666764 1.810637
F 1282.607976 796.786572 0.767819
E 3.124037 714.032617 1124.525374 1.820525
F 1282.607976 796.786572 0.767819
E 3.124037 714.032617 1124.525374 1.820525
F 1306.979093 829.760034 0.902916
E -3.121741 692.558344 1159.602018 1.829090
F 1326.295332 865.342859 1.040265
E -3.079967 670.991126 1190.913876 1.837629
F 1340.577097 904.554110 1.188871
E -3.033235 648.889973 1219.108758 1.847085
F 1353.753596 945.440104 1.247413
E -2.983909 627.304184 1245.784329 1.852887
F 1353.753596 945.440104 1.247413
E -2.983909 627.304184 1245.784329 1.852887
F 1367.949302 987.796562 1.247413
E -2.934760 607.515644 1274.892668 1.852887
F 1382.145009 1030.153020 1.247413
E -2.888459 590.873036 1306.880076 1.852887
F 1396.229811 1072.178568 1.247413
E -2.844870 577.413625 1341.399135 1.852887
F 1396.229811 1072.178568 1.247413
E -2.844870 577.413625 1341.399135 1.852887
F 1410.479546 1115.068916 1.249665
E -2.802486 566.655703 1379.336131 1.858501
F 1424.469687 1157.126071 1.249665
E -2.762741 558.830934 1419.178366 1.858501
F 1438.680146 1199.845543 1.249665
E -2.724155 553.364825 1462.310481 1.858501
F 1452.890604 1242.565015 1.249665
E -2.687315 550.074374 1508.041756 1.858501
F 1452.890604 1242.565015 1.249665
E -2.687315 550.074374 1508.041756 1.858501
F 1466.990904 1284.953329 1.249665
E -2.652457 548.630730 1555.890958 1.858501
F 1477.282345 1329.012937 1.328471
E -2.617497 548.727410 1604.834632 1.865397
F 1483.154670 1373.371243 1.423039
E -2.581707 550.346812 1651.343602 1.872710
F 1483.154670 1373.371243 1.423039
E -2.581707 550.346812 1651.343602 1.872710
F 1484.677281 1417.920013 1.519858
E -2.544724 553.579298 1695.124996 1.880042
F 1481.888078 1463.105060 1.616677
E -2.505978 558.610410 1736.745773 1.887515
F 1474.942556 1506.955569 1.711245
E -2.466997 565.301573 1774.641850 1.894659
F 1474.942556 1506.955569 1.711245
E -2.466997 565.301573 1774.641850 1.894659
F 1460.095795 1549.695566 1.877865
E -2.425868 574.077545 1807.761998 1.905805
F 1437.443669 1588.536603 2.067000
E -2.383118 585.002058 1831.801345 1.918434
F 1410.164513 1621.310378 2.231368
E -0.770493 1845.753774 597.424993 1.928687
F 1380.118161 1650.647970 2.343948
E -0.728602 1852.997158 611.489063 1.935877
F 1380.118161 1650.647970 2.343948
E -0.728602 1852.997158 611.489063 1.935877
F 1348.675733 1682.870077 2.343948
E -0.683218 1859.868019 628.296513 1.935877
F 1317.720784 1714.592616 2.343948
E -0.638275 1869.981659 646.143929 1.935877
F 1283.859447 1744.057595 2.413748
E -0.592503 1881.057246 665.259695 1.942147
F 1247.574459 1769.935887 2.506065
E -0.546640 1889.493347 685.204671 1.949047
F 1247.574459 1769.935887 2.506065
E -0.546640 1889.493347 685.204671 1.949047
F 1208.436946 1792.348262 2.605136
E -0.499756 1894.327263 706.232959 1.956304
F 1167.172174 1810.967785 2.701955
E -0.452206 1895.297520 728.027798 1.963486
F 1124.825732 1825.421934 2.796523
E -0.404716 1892.570041 750.073446 1.970435
F 1124.825732 1825.421934 2.796523
E -0.404716 1892.570041 750.073446 1.970435
F 1081.106203 1835.750087 2.893342
E -0.356533 1886.126528 772.542258 1.977485
F 1037.125319 1841.815506 2.987910
E -0.308388 1876.101614 794.924721 1.984305
F 991.545556 1843.712031 3.084729
E -0.258322 1862.110703 817.951989 1.991468
F 947.562789 1841.297280 -3.103888
E -0.209360 1845.072645 840.068329 1.998162
F 947.562789 1841.297280 -3.103888
E -0.209360 1845.072645 840.068329 1.998162
F 902.961732 1834.651323 -3.009321
E -0.158508 1824.146484 862.454932 2.005070
F 858.894907 1823.529494 -2.910250
E -0.106434 1799.519727 884.609277 2.012204
F 816.406307 1808.425126 -2.815682
E -0.053801 1771.668694 906.058454 2.019065
F 816.406307 1808.425126 -2.815682
E -0.053801 1771.668694 906.058454 2.019065
F 776.067766 1789.459014 -2.718863
E -0.000658 1740.935009 926.607841 2.025867
F 737.440708 1766.523924 -2.622043
E 0.054227 1706.778004 946.526775 2.032725
F 700.997703 1739.965865 -2.527476
E 0.111055 1669.562781 965.610528 2.039517
F 667.775935 1710.513843 -2.432908
E 0.169175 1630.294885 983.377297 2.046130
F 667.775935 1710.513843 -2.432908
E 0.169175 1630.294885 983.377297 2.046130
F 636.074174 1678.993992 -2.369863
E 0.231390 1589.361951 1000.255295 2.051854
F 603.850215 1647.803789 -2.372114
E 0.301314 1550.651743 1016.344802 2.056847
F 571.512815 1616.479948 -2.372114
E 0.382365 1517.179771 1031.299256 2.056847
F 571.512815 1616.479948 -2.372114
E 0.382365 1517.179771 1031.299256 2.056847
F 539.426092 1585.398928 -2.372114
E 0.474756 1490.270575 1044.006607 2.056847
F 507.296237 1554.111795 -2.369863
E 0.579426 1470.685784 1053.511708 2.061827
F 475.072279 1522.921592 -2.372114
E 0.693591 1459.793980 1058.703148 2.066796
F 442.484201 1491.354931 -2.372114
E 2.384056 1058.850802 1458.507999 2.066796
F 442.484201 1491.354931 -2.372114
E 2.384056 1058.850802 1458.507999 2.066796
F 413.596205 1456.969822 -2.284301
E 2.500500 1053.845452 1463.313790 2.073205
F 388.659072 1420.659297 -2.189734
E 2.610310 1044.324429 1469.745926 2.079636
F 366.703178 1381.068809 -2.092914
E 2.717383 1030.335683 1477.329338 2.086394
F 366.703178 1381.068809 -2.092914
E 2.717383 1030.335683 1477.329338 2.086394
F 348.649883 1339.746882 -1.998347
E 2.817692 1012.824385 1485.426116 2.093011
F 332.945651 1297.896214 -1.939805
E 2.910512 992.659071 1494.894890 2.098505
F 316.659888 1256.111215 -1.942056
E 2.995707 970.563094 1508.920226 2.103387
F 300.626320 1214.602710 -1.939805
E 3.071717 947.839604 1528.653235 2.108182
F 300.626320 1214.602710 -1.939805
E 3.071717 947.839604 1528.653235 2.108182
F 284.513547 1172.937784 -1.939805
E 3.140325 925.059016 1553.479379 2.108182
F 268.227783 1131.152784 -1.942056
E -3.080790 902.861013 1583.024639 2.113042
F 252.067968 1089.318915 -1.939805
E -3.024436 881.810678 1616.659354 2.117890
F 252.067968 1089.318915 -1.939805
E -3.024436 881.810678 1616.659354 2.117890
F 235.529709 1046.883185 -1.942056
E -2.972106 861.945614 1654.641460 2.122879
F 219.449778 1005.579866 -1.942056
E -2.925217 844.291220 1695.103987 2.122879
F 203.289962 963.745997 -1.939805
E -2.881159 828.159796 1739.188397 2.127705
F 203.289962 963.745997 -1.939805
E -2.881159 828.159796 1739.188397 2.127705
F 187.051308 921.755562 -1.939805
E -2.839891 813.750738 1786.445901 2.127705
F 170.765544 879.970563 -1.942056
E -2.801470 801.146371 1836.478777 2.132521
F 154.605729 838.136694 -1.939805
E -2.765402 790.212312 1889.247842 2.137325
F 138.951202 797.978520 -1.942056
E -2.732745 781.190925 1942.414634 2.141753
F 136.678599 791.934828 -1.939805
E -2.728009 779.954627 1950.576680 2.141853
F 136.678599 791.934828 -1.939805
E -2.728009 779.954627 1950.576680 2.141853
F 136.678599 791.934828 -1.939805
E -2.728009 779.954627 1950.576680 2.141853
F 136.678599 791.934828 -1.939805
E -2.728009 779.954627 1950.576680 2.141853
F 136.678599 791.934828 -1.939805
E -2.728009 779.954627 1950.576680 2.141853
F 136.678599 791.934828 -1.939805
E -2.728009 779.954627 1950.576680 2.141853
F 136.678599 791.934828 -1.939805
E -2.728009 779.954627 1950.576680 2.141853
F 136.678599 791.934828 -1.939805
E -2.728009 779.954627 1950.576680 2.141853
