D C 363.4 -288.5 1414.7 -471.0 1747.0 244.1 1133.8 558.7 541.6 587.5 904.8 1312.3
D C 364.9 -289.8 1415.6 -471.3 1744.1 243.7 1132.9 558.3 544.3 590.4 905.4 1313.1
D C 364.9 -289.8 1417.5 -471.9 1745.1 243.8 1134.7 559.2 545.0 591.1 907.7 1316.4
D C 364.9 -289.8 1416.6 -471.6 1741.1 243.2 1132.9 558.3 544.3 590.4 905.4 1313.1
D C 364.1 -289.2 1418.5 -472.2 1742.1 243.4 1132.0 557.9 540.2 586.0 906.0 1313.9
D C 364.1 -289.2 1412.8 -470.3 1744.1 243.7 1133.8 558.7 541.6 587.5 904.8 1312.3
D C 363.4 -288.5 1416.6 -471.6 1738.1 242.8 1136.5 560.1 542.9 588.9 905.4 1313.1
D C 363.4 -288.5 1416.6 -471.6 1741.1 243.2 1135.6 559.6 544.3 590.4 905.4 1313.1
D C 364.1 -289.2 1415.6 -471.3 1743.1 243.5 1135.3 563.8 542.9 588.9 906.0 1313.9
D C 364.1 -289.2 1416.6 -462.0 1742.1 243.4 1133.8 558.7 542.9 588.9 905.4 1313.1
D C 362.6 -287.9 1417.5 -471.9 1742.1 243.4 1136.5 560.1 542.9 588.9 906.5 1314.8
D C 363.4 -288.5 1415.6 -471.3 1747.0 244.1 1135.6 559.6 542.2 588.2 905.4 1313.1
D C 364.1 -289.2 1421.3 -473.2 1744.1 243.7 1133.8 558.7 542.7 592.4 905.4 1313.1
D C 364.1 -289.2 1414.7 -471.0 1744.1 243.7 1133.6 563.0 542.9 588.9 904.8 1312.3
D C 351.8 -290.1 1400.4 -466.2 1719.3 240.2 1076.9 547.2 519.7 592.3 887.0 1320.8
D C 313.2 -288.7 1362.5 -472.3 1689.6 236.0 1053.1 543.3 492.2 589.5 851.7 1320.1
D C 278.3 -283.1 1322.8 -458.5 1646.6 240.3 1004.2 541.7 447.0 584.7
D C 262.4 -283.8 1276.6 -451.3 1625.8 237.3 987.7 540.7 433.8 582.1
D C 215.9 -278.0 1235.3 -453.8 1566.9 238.6 936.9 543.2 383.1 585.9
D C 186.6 -280.6 1195.0 -447.4 1537.3 234.0 907.0 540.8 350.4 589.7
D C 155.6 -278.2 1171.7 -446.8 1506.2 238.8 874.8 543.7 322.3 590.8
D C 125.5 -277.9 1135.4 -449.0 1471.2 242.5 837.8 542.3 282.3 593.3
D C 112.1 -277.2 1120.5 -443.2 1445.0 247.3 821.1 545.9 266.0 596.4
D C 67.2 -278.1 1065.1 -444.1 1400.6 239.7 774.7 542.9 216.7 601.1
D C 1026.5 -442.9 1366.6 242.5 744.4 542.4 185.9 594.6
D C 1000.9 -439.1 1328.7 244.2 700.5 544.1 147.9 600.0
D C 958.2 -441.6 1295.8 246.4 672.5 542.5 483.1 1315.1 113.8 603.4
D C -48.5 -285.8 924.5 -426.1 1266.8 248.9 633.5 543.9 447.2 1316.1 83.4 603.3
D C -80.4 -288.0 894.9 -432.6 1225.0 248.5 603.7 544.6 412.3 1319.1 49.9 606.0
D C 849.4 -436.6 1176.5 246.2 554.5 538.6 367.6 1316.6 -2.3 609.0
D C 836.9 -436.7 1153.5 248.8 538.9 543.0 351.5 1321.0 -17.3 610.8
D C 807.7 -440.5 1123.6 249.6 510.3 540.1 325.9 1322.4 -47.7 614.2
D C 743.8 -423.6 1073.7 252.4 453.1 542.7 267.0 1326.4 -101.0 612.7
D C 727.3 -426.2 1059.1 248.9 440.7 541.2 256.6 1316.2 -120.7 614.3
D C 683.4 -429.1 1010.4 250.6 392.6 540.5 207.7 1322.8 -165.7 619.2
D C 662.2 -421.5 992.4 252.6 378.5 541.9 190.6 1319.3 -182.3 619.7
D C 634.4 -420.4 956.3 256.0 342.5 545.4 150.2 1326.5
D C 600.1 -419.2 926.8 254.2 315.1 545.5 125.6 1327.1
D C 565.3 -421.3 894.8 257.2 284.5 545.2 93.5 1336.7
D C 520.0 -412.9 850.0 267.1 234.3 552.4 35.8 1333.5
D C 506.1 -417.3 832.8 261.7 221.5 550.1 27.7 1336.7
D C 476.8 -413.3 801.1 262.6 190.0 548.0 -13.3 1337.9
D C 441.2 -416.9 769.4 262.7 161.1 550.9 -38.3 1350.2
D C 411.3 -413.2 734.1 260.7 125.5 552.9 -79.5 1344.7
D C 394.1 -415.9 719.6 265.6 111.5 553.9 -96.0 1343.6
D C 348.6 -416.3 671.0 266.5 66.4 556.0 -146.2 1347.1
D C 320.7 -418.2 641.1 268.4 35.4 554.9 -172.5 1356.1
D C 289.6 -418.6 613.1 270.1 4.7 559.0 -205.4 1349.5
D C 258.7 -422.0 580.1 272.7 -26.3 561.4
D C 213.4 -419.9 535.8 272.3 -75.0 562.0
D C 199.6 -417.8 521.9 277.4 -93.5 567.3
D C 155.1 -420.3 471.5 281.2 -137.3 568.6
D C 140.2 -419.2 453.6 281.9 -153.6 573.8
D C 109.4 -419.0 424.7 282.4
D C 63.8 -419.2 377.1 285.5
D C 48.8 -425.2 357.3 288.2
D C 1.6 -423.0 310.3 290.4
D C -14.1 -426.8 292.0 290.7
D C -40.3 -426.1 258.5 294.7
D C -89.3 -429.8 206.2 295.1
D C -103.6 -431.7 187.4 294.4
D C -148.0 -435.5 137.7 298.8
D C -168.4 -433.5 127.2 294.7
D C 112.0 278.3
D C 88.8 261.3 -506.7 1514.5
D C 80.0 255.8 -476.4 1515.9
D C 55.5 237.6 -375.9 1556.3
D C 45.3 232.6 -348.2 1567.8
D C 29.7 225.0 -272.1 1589.9
D C 12.7 220.6
D C -2.2 219.0
D C -30.9 220.9
D C
D C 132.3 1607.6
D C 260.3 1593.9
D C 315.8 1568.5
D C 498.8 1498.2 -70.7 911.3
D C 551.8 1474.1 -42.4 906.0
D C 723.1 1365.3 57.4 900.2 -61.4 1509.8
D C 826.2 1280.6 110.9 882.1
D C 871.2 1230.9 143.3 877.4
D C 999.1 1083.8 223.9 841.7
D C 1038.3 1033.5 251.8 823.3
D C 1126.0 863.5 324.8 779.0
D C 1177.4 751.9 373.5 737.8
D C 1191.3 690.6 391.7 718.1
D C 1235.1 490.6 446.1 638.6
D C 1250.3 435.5 460.7 618.2
D C 1256.0 230.8 507.4 530.4
D C 1223.3 94.9 525.6 468.4
D C 1209.5 34.3 531.7 439.8 604.7 1585.6
D C 1157.2 -80.9 516.6 386.2 -223.9 1103.5
D C 1137.9 -107.7 506.9 374.1 -211.8 1114.0
D C 1078.8 -149.1 473.6 358.6 -228.1 1124.1
D C 1064.9 -153.8 460.4 357.6 -248.3 1117.8
D C 1016.5 -153.2 415.0 356.3 -299.9 1120.6
D C 984.0 -160.7 382.5 353.7 627.9 1480.3 -323.0 1123.5
D C 969.2 -158.2 365.8 355.3 607.0 1481.5 -333.0 1132.0
D C 919.9 -161.8 867.3 665.1 318.3 353.9 -387.4 1134.7
D C 886.4 -161.5 830.7 661.7 285.1 354.6
D C 849.0 -160.1 798.3 660.3 251.3 355.1
D C 817.6 -164.6 768.8 651.9 221.2 357.1
D C 800.8 -171.5 752.4 654.1 208.8 356.3
D C 758.7 -172.2 703.0 658.1 157.1 358.1
D C 739.1 -172.6 685.5 657.7 141.6 358.0
D C 693.2 -175.3 633.2 661.9 95.9 360.5
D C 665.9 -172.8 597.2 655.8 66.0 362.0
D C 648.3 -176.8 587.1 652.8 50.1 362.6
D C 602.6 -180.3 538.2 652.7 0.8 364.0
D C 567.9 -177.5 503.9 650.7 204.5 1479.9 -30.6 365.7
D C 538.9 -179.4 470.7 648.1 -62.4 364.7
D C 494.0 -213.1 475.0 621.2 -69.7 366.4
D C 464.8 -235.3 481.3 606.1 -74.6 367.5
D C 381.4 -302.9 516.6 527.0 427.5 1397.6 -67.6 367.8
D C 289.4 -358.8 543.7 444.1 584.1 1320.5 -56.7 372.7
D C 256.5 -380.7 549.4 410.8 626.2 1275.6 -52.0 372.4
D C 186.4 -403.0 557.1 355.8 -45.2 373.3
D C 119.2 -424.6 560.7 298.0 794.9 1123.2 -40.6 373.8
D C 42.5 -442.0 559.9 234.4 883.1 1038.2 -33.5 372.5
D C 7.2 -445.9 557.3 205.7 -29.0 373.9
D C -105.5 -451.9 535.0 118.8 1002.6 844.9 203.9 1411.4 -19.8 374.5
D C -179.3 -445.3 513.3 52.5 1058.0 722.3 332.5 1385.7 -8.2 368.9 -316.5 965.5
D C 488.5 -22.1 1120.1 573.5 478.4 1327.4 14.2 361.7 -214.9 996.1
D C 455.0 -85.8 1157.4 419.1 621.6 1246.6 35.5 352.2
D C 388.7 -179.1 796.3 1096.3 60.8 333.5
D C 360.6 -205.4 1171.9 109.1 853.7 1048.4 67.9 327.0
D C 297.7 -258.0 1141.8 -51.7 966.8 916.2 82.3 309.2
D C 228.8 -298.4 1094.0 -199.4 1044.4 780.8 92.8 290.5
D C 157.7 -330.3 1026.4 -348.7 1113.9 636.6 102.0 272.5
D C 125.0 -345.1 991.1 -416.8 1133.8 558.7 104.4 264.1
D C 19.8 -374.5 869.2 -599.3 1188.6 349.6 113.0 237.5
D C -52.3 -378.4 770.5 -676.0 1167.2 236.8 101.0 226.5
D C -108.6 -379.8 708.2 -707.2 1138.6 187.7 564.5 693.2 70.9 222.0
D C 636.9 -723.6 1107.1 140.8 551.9 677.7 42.7 218.9
D C 580.7 -729.0 1059.6 141.4 511.5 677.6 -5.0 222.9
D C 563.7 -725.8 1030.9 137.6 490.1 674.8 -20.3 226.1
D C 537.4 -728.2 995.3 139.1 456.0 679.1
D C 500.6 -723.7 961.8 140.4 425.4 677.5
D C 468.9 -724.5 929.3 141.5 393.7 681.5
D C 439.5 -727.0 897.7 136.7 367.4 683.5
D C 408.4 -730.1 863.4 142.3 331.6 686.1
D C 361.6 -722.6 815.3 144.7 282.8 690.3
D C 345.7 -723.7 795.6 141.2 267.6 688.9
D C 309.6 -726.8 759.4 144.4 235.5 693.1
D C 262.5 -724.9 709.4 139.4 188.1 689.8
D C 247.2 -724.0 694.8 141.0 170.4 691.3
D C 198.9 -725.2 645.3 143.3 122.5 696.3
D C 627.8 143.5 105.4 699.1
D C 151.4 -723.3 595.9 143.9 79.3 700.5
D C 549.7 147.1 27.6 705.5
D C 93.0 -731.1 533.2 142.7 10.3 703.9
D C -19.6 -730.7 501.2 82.6 48.8 697.3
D C -74.1 -735.3 488.4 50.0 82.9 694.1
D C -205.9 -720.2 470.9 -32.9 168.5 666.0
D C -327.8 -689.0 440.2 -102.8 238.1 635.9
D C 394.4 -178.8 314.8 585.7
D C 304.1 -273.5 408.9 489.7
D C 271.3 -300.7 434.1 453.8
D C 196.5 -343.8 479.4 372.3 -137.5 637.3
D C 120.4 -375.1 510.5 291.8 -57.8 642.4
D C 43.2 -397.7 527.9 209.7 13.3 643.9
D C -82.1 -407.8 527.9 73.7 124.1 616.6
D C -118.2 -404.1 518.7 37.1 156.0 601.1 -298.4 992.1
D C 483.1 -81.9 253.6 550.4 -111.6 1028.0
D C 462.5 -132.2 288.1 520.6 -41.8 1028.2
D C 416.9 -201.5 333.9 471.8 83.6 1016.6
D C 339.3 -283.3 373.2 399.9 198.7 987.2
D C 317.7 -282.3 356.0 400.7 191.7 983.5
D C 238.6 -307.2 995.1 833.4 327.8 373.6 201.5 970.3
D C 212.6 -311.4 982.1 822.5 316.7 370.0 189.2 970.7
D C 178.0 -307.1 954.5 819.5 288.4 372.4 164.4 969.2
D C 127.1 -303.5 910.3 821.2 237.9 373.7 109.9 970.8
D C 111.8 -303.0 902.3 824.1 223.2 375.7 97.9 971.1
D C 65.1 -311.3 843.6 819.3 175.6 374.9 50.1 973.7
D C 32.1 -313.4 810.1 816.3 143.9 377.4 14.1 968.9
D C 18.6 -314.5 791.6 817.5 128.7 378.7 2.2 969.0
D C -34.5 -322.2 743.3 816.3 77.7 374.0 -51.5 971.6
D C -48.6 -322.4 729.6 811.2 63.7 375.6 -63.5 972.9
D C -113.3 -326.9 732.7 766.0 39.4 367.9
D C 742.5 712.4 31.9 360.6
D C 755.5 656.7 22.5 352.3
D C 764.2 608.7 15.8 349.6
D C 760.2 583.0 9.3 347.9
D C 771.8 506.3 -3.4 342.0
D C 769.0 471.4 -5.5 341.0
D C 763.1 387.8 157.2 926.8 -22.0 337.3
D C 761.4 335.4 183.0 908.8 -28.3 337.8
D C 760.0 285.8 226.1 893.8 -23.9 334.1
D C 757.5 168.3 305.8 848.6 -17.5 330.5
D C 738.1 93.9 352.5 817.2 -19.2 325.4
D C 716.6 24.7 397.7 773.8 -17.0 321.5
D C 686.0 -52.2 433.2 729.0 -14.9 317.7
D C 673.2 -80.4 450.5 707.8 -16.8 317.6
D C 608.9 -190.4 508.3 624.2 -12.6 310.7
D C 563.8 -255.6 532.1 577.2 283.4 1407.9 -12.5 306.7
D C 511.8 -283.3 521.9 545.6 -34.7 302.0
D C 462.1 -314.5 514.9 518.9 -53.8 303.3
D C 437.8 -326.3 507.2 511.1 348.5 1360.1
D C 382.4 -331.4 459.2 504.3
D C 363.8 -331.3 441.4 509.3 288.2 1366.4
D C 313.0 -330.3 392.4 506.8 239.0 1359.0
D C 279.9 -334.3 359.3 507.7 214.1 1363.9
D C 262.8 -334.0 343.4 511.4 193.1 1366.3
D C 211.5 -335.7 294.6 510.0
D C 161.5 -332.9 240.0 512.6
D C 141.9 -333.0 223.0 516.9
D C 108.5 -338.0 209.7 511.7 95.6 1366.7
D C 49.5 -354.6 206.3 494.7 156.5 1345.3
D C -3.1 -366.0 203.0 478.7 209.2 1332.7
D C -91.5 -371.4 194.9 451.8 295.5 1301.9
D C -116.8 -365.8 194.8 444.1
D C 190.0 433.1
D C 181.4 420.5 -531.2 1555.8
D C 193.9 395.0 -389.8 1592.3
D C 197.5 384.2 -336.6 1608.3
D C 199.9 351.1 -147.6 1640.4
D C 202.6 322.7
D C 187.2 306.4 84.0 1632.8
D C 782.3 891.5 158.2 298.7 113.8 1627.8
D C 781.8 869.3 143.6 297.1 135.8 1650.4
D C 747.3 851.6 92.5 295.9 114.2 1633.0
D C 774.2 789.8 76.1 286.0
D C 798.9 729.7 60.5 274.4
D C 803.3 672.7 40.5 269.0
D C 811.5 646.4 28.6 267.5 -369.6 1415.5
D C 820.0 567.2 484.3 1516.5 0.6 265.0
D C 581.1 1469.3 -27.3 266.6
D C 821.3 456.1 608.8 1435.2
D C 816.8 393.2 671.5 1389.2
D C 804.9 337.0 715.6 1351.2
D C 786.8 279.5 769.8 1295.5 39.8 1480.5
D C 766.9 207.8 837.3 1214.3 120.8 1468.0
D C 751.2 186.3 858.9 1197.9 148.0 1467.6 -129.3 815.8
D C 729.3 131.7 909.3 1130.7 219.4 1455.6 -104.2 819.4
D C 699.4 80.3 955.7 1075.8 279.6 1434.0 -79.5 827.2
D C 674.7 35.7 970.4 1002.2 330.6 1415.9 -59.2 828.9
D C 621.4 -28.1 1021.4 910.1 420.9 1376.1 -28.8 834.5
D C 604.6 -53.5 1036.5 868.1 454.6 1365.3 -8.3 830.0
D C 568.5 -92.8 1046.8 792.6 507.4 1330.5 1.9 831.0
D C 529.0 -132.1 1067.4 719.1 565.7 1289.4 32.4 828.4
D C 490.6 -163.3 1080.8 653.4 604.9 1251.5 52.6 824.3
D C 424.1 -205.0 1077.3 572.6 638.9 1206.3 57.1 816.0
D C 409.1 -204.0 1054.3 585.5 621.3 1208.7 42.0 816.9
D C 378.8 -203.6 1018.4 582.1 593.2 1208.2 6.9 816.0
D C 967.1 576.6 538.1 1206.4 -38.5 823.1
D C 314.7 -200.3 948.2 573.3 521.3 1208.3 -53.9 826.2
D C 265.8 -199.4 895.7 579.8 469.6 1209.0 -105.5 829.3
D C 873.6 580.8 455.1 1215.6 -121.5 832.2
D C 825.5 578.5 403.1 1210.7 -169.0 833.0
D C 790.4 575.9 378.0 1209.3 -196.8 837.2
D C 796.2 543.5 405.7 1194.0 -176.6 843.7
D C 804.4 486.3 461.2 1166.1 -146.4 855.6
D C 796.5 436.0 490.4 1136.7 -126.8 868.8
D C 788.5 353.1 559.7 1072.7 -83.9 873.0
D C 776.8 319.7 582.5 1052.6 -67.9 874.4
D C 764.7 261.1 615.2 1007.0 -46.4 876.8
D C 724.6 257.4 574.1 1008.0 -85.2 885.9
D C 705.2 255.4 557.3 1007.1 -101.5 884.2
D C 649.0 262.4 506.0 1014.9 -156.9 884.2
D C 634.4 261.1 490.0 1013.8 -174.7 889.0
D C 599.4 264.0 453.0 1015.6 -208.7 887.8
D C 551.3 263.3 407.8 1013.0 -256.1 890.9
D C 538.2 265.2 394.3 1015.1 -269.9 897.3
D C 488.6 267.4 338.9 1018.1
D C 459.4 266.3 310.1 1013.6
D C 439.0 265.4 297.6 1017.4
D C 392.3 271.4 244.3 1018.1
D C 373.4 272.1 225.3 1021.5
D C 329.8 272.8 180.3 1025.3
D C 313.2 272.3 161.0 1025.4
D C 276.4 275.1 122.8 1027.7
D C 238.1 271.3 90.8 1027.0
D C 240.1 273.6 96.9 1023.4
D C 241.4 275.1 96.9 1023.4
D C 240.7 274.4 96.5 1019.4
D C 240.1 273.6 96.9 1024.4
D C 240.1 273.6 96.9 1024.4
D C 240.1 273.6 96.9 1024.4
